image: mapbest.pgm
resolution: 0.070000
origin: [-50.035004, -50.035004, 0.000000]
negate: 0
occupied_thresh: 0.65
free_thresh: 0.196

